438	-64	108	-889	532	-989	725	-955	471	-44	438	-64	108	-889	532	-989	725	-955	471	-44	882	-60	-341	558	361	677	173	100	-607	-717	427	559	-79	-242	722	34	-587	740	-423	671	-163	-967	81	772	-326	-135	187	-505	-623	147
-550	-827	-104	122	794	-579	848	-85	-79	888	343	4	121	-247	-220	-576	-57	633	-959	-169	-176	-530	168	-264	120	211	-409	-240	905	-446	908	795	-870	394	-70	-891	85	663	-597	94	-589	830	-25	789	-594	104	259	479	92	386
617	962	136	-884	605	-768	226	-195	-179	114	180	739	344	477	-272	-43	-271	198	929	-730	-439	529	146	-821	-731	871	-912	411	-723	-733	39	128	322	-988	-437	900	-107	774	860	8	-259	-339	-701	-425	928	897	-360	-261	-80	-780
-89	167	-36	-459	-665	997	-857	-361	138	433	-124	-334	-527	-106	985	-657	455	304	-658	959	432	-486	-662	-488	833	487	-892	-745	-413	-454	439	-782	-774	-603	-139	813	15	-62	-527	79	803	79	-912	29	847	115	-130	-494	541	-85
244	474	506	-415	-608	-87	-313	191	-709	907	-268	857	774	-321	626	588	314	-924	-81	-936	126	591	103	-143	-78	-276	143	251	-698	992	322	-533	864	344	-552	-899	680	739	-557	262	-245	319	-821	996	-895	-750	997	815	466	-282
543	-159	-27	571	577	-438	757	-825	909	131	835	470	376	-642	-28	-811	-222	-677	-329	-475	840	943	-400	284	427	318	402	-115	323	201	448	-786	-435	-778	737	-871	408	-884	-923	215	775	593	403	-727	-919	807	309	-445	956	-123
991	-820	-394	282	207	950	-58	-891	721	-47	158	-773	-440	866	-949	630	484	-926	799	880	529	991	948	244	455	131	-689	-744	631	-886	259	255	84	91	-850	-586	-652	-152	436	184	-574	371	631	179	624	-970	552	-551	879	396
511	-1	987	-724	268	-131	-965	-410	-571	-301	-380	-508	971	145	-729	-434	627	522	-148	-550	-509	884	522	253	-280	-619	-325	625	751	-81	76	-616	-501	743	-812	-138	-656	478	451	-900	-302	546	635	-837	-329	-994	-683	80	-169	488
-576	-335	-995	-610	134	-474	66	-933	853	526	723	-445	-452	831	704	-612	97	338	-94	827	-175	38	982	629	218	260	974	-137	-864	-964	-967	558	-856	-375	314	-925	137	-336	784	589	-707	540	-383	-872	-643	-290	180	-886	211	895
-137	528	55	656	-397	533	502	611	6	517	-829	831	624	-196	126	524	-207	715	-128	876	-143	-59	-967	765	-351	-131	-774	-241	180	694	202	-531	-27	-337	189	-334	472	455	-958	-667	376	-239	-618	196	846	161	206	725	381	-181
-767	928	755	503	892	438	687	-484	241	-991	-591	-787	-209	943	953	890	-807	-495	144	606	223	285	-122	-194	934	-462	119	553	631	-788	5	156	-928	-320	-739	-632	461	921	933	438	21	758	433	441	315	-565	-503	768	866	-275
307	-877	-926	686	-489	-575	551	333	-130	-793	-949	42	-708	274	987	791	-709	217	557	-502	225	567	432	-711	-515	-261	-215	-165	-176	-463	-510	-153	466	-375	191	675	-99	-493	-691	448	-313	-157	-897	-598	843	-229	-381	434	395	-857
-341	158	-517	-579	691	268	850	508	-484	-172	-628	-221	-113	-110	-556	104	-376	-29	-643	200	732	-922	524	460	-165	-235	-492	850	-87	194	740	390	-696	372	504	935	785	313	641	628	662	-849	-118	-855	-670	785	-809	985	-80	391
498	674	810	-281	173	864	552	285	-226	492	-360	-91	-824	673	163	-592	-837	678	-546	789	-149	685	-578	776	498	-487	136	689	874	-477	554	-525	-670	80	-120	-782	-365	152	944	-727	-822	211	790	718	-256	-784	-219	-38	-563	145
-399	-213	603	363	94	746	296	25	66	-642	-62	-828	886	-851	716	-16	877	-365	-395	877	-564	820	893	636	-415	-983	820	-145	720	-813	-235	392	570	-318	-747	-731	-44	765	-171	366	196	-919	-684	-806	-719	99	187	-881	431	-958
984	164	840	-91	-587	524	739	-982	-174	796	665	-182	446	793	263	779	640	898	-373	-670	-412	872	-526	-312	10	741	-603	-147	312	-328	-681	48	763	-817	168	184	786	57	961	-905	413	-625	-487	-555	13	455	235	529	368	221
-869	335	-128	-936	-133	-561	-621	968	-231	254	199	-305	150	-944	-354	989	-472	429	678	-785	908	-785	754	237	377	-737	965	689	708	217	-42	-494	943	-863	177	-729	-323	-631	828	573	-904	138	-479	-148	28	-440	-242	642	-178	319
823	350	533	-118	-436	-121	655	-135	-885	-478	559	381	-263	-790	-944	-121	573	-722	628	-962	53	-972	404	854	865	-177	313	719	613	562	13	-927	257	484	-121	-499	-111	-148	-228	485	153	428	-986	-405	980	524	-315	406	-716	242
989	-127	500	553	323	737	202	-269	-233	-246	393	-294	700	262	-971	634	-151	908	356	-966	-988	-61	781	-234	-357	804	115	-959	-867	-166	-920	-599	974	-486	-746	-715	-970	-727	809	-899	-590	-711	-274	-99	-655	683	-898	673	359	169
996	605	525	-393	759	-639	-196	-774	190	177	708	-709	-469	835	-468	-530	-364	975	-881	-153	474	-906	-527	124	927	-978	722	-969	198	-866	411	-983	696	-942	625	769	-76	-470	255	-415	921	843	606	744	-325	778	775	795	-78	-559
-777	40	124	-419	-717	58	-75	755	839	716	802	210	-565	731	349	-544	542	78	425	-362	-609	24	806	429	558	286	628	-293	-852	920	-943	738	632	-796	629	937	-386	800	723	82	179	30	10	119	-301	-478	347	-791	367	-885
676	-735	926	-38	-313	871	-340	567	-864	680	402	452	-658	-94	-687	981	-580	-535	684	297	557	-453	-788	-563	13	-134	-688	-773	-609	-30	135	710	-210	-854	-954	683	88	342	-126	-243	-9	913	565	-942	-222	-447	653	-346	-719	467
-355	648	630	-667	682	-824	599	444	626	204	-277	999	465	-628	-875	490	462	-732	-927	-819	-65	626	235	-393	-894	-519	-996	-193	809	-361	68	-947	215	532	814	-277	566	-22	67	-367	-732	544	-846	562	660	858	-275	-951	-577	91
-794	355	-433	-672	17	-287	-895	649	-490	832	30	118	-863	23	460	995	115	-223	751	-205	555	-216	-958	-802	879	-791	299	-531	-439	-742	-930	106	-827	577	-700	-875	-79	-611	15	-818	280	-640	-713	194	-800	-708	-969	-413	790	-164
21	-83	394	327	631	300	181	-490	981	465	948	-891	-321	80	103	-456	-676	-334	250	819	-969	547	-123	529	399	-914	-291	679	907	946	-422	-861	-936	-591	-276	970	977	986	-889	812	532	-467	205	232	717	561	-572	692	707	-952
476	-462	477	-695	-623	478	-705	61	501	-315	-516	-945	385	163	577	923	217	346	-516	465	-921	-542	-986	566	-664	-184	868	-237	85	403	235	941	308	193	10	319	196	563	627	43	-803	-568	-875	925	951	100	-907	203	-736	-566
-883	-620	-128	-478	-121	-336	-945	269	955	-126	871	-868	-133	-934	-614	-857	-710	160	401	-603	-527	46	580	-322	273	791	453	666	-715	-353	-747	958	-663	-640	24	-852	49	-375	796	618	18	-802	-315	119	-662	-923	-708	960	804	95
-768	-889	-749	751	95	834	-101	194	687	947	577	818	224	-661	565	198	-889	-413	711	382	-257	-818	-441	-245	-144	-435	369	-27	-410	-277	-58	858	485	81	-89	-407	506	701	630	452	-668	47	-277	-700	-821	257	259	366	-145	-985
-375	-643	-894	-392	-259	-727	-258	496	616	764	730	-681	429	-262	290	-493	-430	-680	-493	-131	-352	195	-943	-387	-287	964	4	955	963	58	-370	28	450	902	691	827	145	-456	624	-186	-512	-871	668	-479	869	507	-880	-888	574	26
-733	-993	768	854	623	-943	-311	426	-506	-928	-275	-804	479	347	11	-414	179	-467	-158	364	628	528	-948	397	487	118	596	877	772	491	837	-601	206	-372	-602	-374	806	853	-792	164	159	321	767	-550	617	235	-292	-973	509	865
-150	336	159	76	-787	-665	-422	711	-106	363	289	-737	649	-465	509	-563	-786	591	133	-931	860	-356	358	-352	513	-194	275	575	-443	-526	737	191	32	-949	-187	-578	-69	-265	-408	-347	-474	-495	35	1	-497	-750	493	421	56	909
145	563	-948	165	888	90	751	-971	-48	474	932	-128	237	192	905	943	104	782	-968	71	825	614	-352	710	585	966	-322	647	774	-603	-131	-421	-836	-130	-966	-804	-871	-825	960	117	451	150	152	-833	414	-259	960	396	983	281
-349	661	914	-324	-696	448	690	183	-192	-354	-334	-48	-458	130	953	646	189	-547	950	994	227	742	428	-839	208	-400	-588	-268	-232	-764	-931	469	-458	756	476	-427	268	-788	951	553	-418	-652	-212	549	-171	-867	-436	227	-88	-816
-627	351	-623	676	458	-318	-245	157	-611	-699	885	-97	-603	-650	-962	-630	844	26	719	-942	795	355	329	-937	-701	579	-727	322	296	81	480	-15	379	515	-392	-579	-290	787	-333	859	-642	-674	-696	-549	75	863	-87	494	429	39
788	-373	-923	695	952	698	-132	-716	716	-435	405	-304	278	-463	-765	-99	311	-543	-417	-8	696	-283	851	521	207	273	43	-226	-72	-380	-483	907	364	-573	664	741	495	-430	864	78	-924	-461	572	-762	-150	-190	-801	364	-134	-418
896	335	-66	896	529	931	-109	978	1000	555	-620	-779	-124	129	-194	-90	-501	-361	-740	-80	-486	395	534	-106	-439	-38	-531	-977	454	616	-580	290	893	718	364	-46	-542	306	-494	-348	-957	-598	-48	-719	-31	-240	-796	63	867	-403
-84	-747	-136	223	26	-795	-759	465	-636	-848	-105	-889	761	953	317	205	737	434	651	440	526	329	-946	-777	271	-114	-63	356	-99	615	-667	906	905	-505	-561	269	-888	500	-240	864	-453	-54	-109	-765	-848	-620	-461	-100	335	13
-555	-187	315	131	793	-869	-622	-957	-137	-8	564	-313	-842	-622	473	-722	-923	-939	110	-64	-331	-59	-964	-878	-275	175	854	-276	-733	920	260	747	-487	-741	-110	-462	92	-824	635	550	-601	496	-564	169	209	181	854	682	-492	597
962	-322	224	145	-922	-806	-536	689	-910	-315	839	-184	162	483	568	334	435	271	-786	-403	-963	732	569	244	-634	334	832	270	-227	-657	605	-540	922	175	-443	798	-991	641	-592	431	-471	-884	-642	907	-991	-798	185	260	-304	-859
-293	850	531	-163	92	-146	395	23	-182	-843	-65	624	414	-828	-98	25	-294	-580	-933	604	-212	71	794	209	983	619	-482	-876	-904	912	217	-809	622	948	710	-381	-93	374	738	-100	830	-861	-119	-880	500	717	554	399	605	151
939	414	559	927	-211	-695	616	374	-473	-108	963	-924	-403	-258	95	-642	-618	776	857	359	833	90	-767	118	-898	360	590	602	-496	579	917	-860	-525	310	507	956	-575	-247	-593	-753	700	-759	-589	233	952	205	-606	335	816	873
-817	-369	-561	-533	178	779	-976	-701	521	47	719	979	-860	-883	397	-679	-245	-791	-891	930	-776	-152	742	793	23	708	-955	-59	-723	796	-375	540	866	-904	-613	-778	-316	-129	-643	-428	-675	168	-827	756	-848	-696	411	-675	-840	-763
-701	-28	700	-376	-670	-954	314	641	-615	-125	-882	-298	67	-826	-870	226	-961	989	851	-517	80	551	-136	-493	193	-945	360	-462	559	251	637	-623	228	973	-526	-418	-5	356	-416	984	-475	578	-207	395	764	-418	434	739	688	59
60	833	-186	37	13	-701	-689	-594	860	-624	686	863	290	914	-720	-463	484	-243	-342	-665	-5	763	-923	803	-887	160	-697	-898	628	917	454	-189	-197	-219	-246	-471	690	3	587	989	-375	-803	-898	-502	-143	-514	700	-57	-669	-572
978	-613	-298	715	-838	75	930	-821	-914	-673	-216	980	689	-224	-881	107	-659	478	869	1000	-203	635	486	555	487	-710	681	535	-244	-83	550	306	269	94	-599	-41	-973	-273	526	-731	371	-383	-174	86	-626	-236	560	103	0	770
943	442	431	-813	188	-146	505	-998	336	-507	39	598	442	-120	770	-453	517	706	-817	255	-473	-245	33	-766	-256	-352	143	334	675	214	159	-546	198	-519	313	372	-900	-538	840	682	-856	-698	-653	71	-262	-284	-847	-820	222	255
987	854	-512	78	-849	-457	546	785	-147	-477	-644	648	541	-370	694	-223	692	533	-916	157	663	-399	390	292	206	190	322	470	480	-683	497	-736	-434	-575	-373	-972	69	-92	303	-22	-51	676	267	24	102	385	-877	-125	-475	-478
126	-401	-186	-257	977	-477	137	225	-841	-525	-257	-157	946	-987	368	-917	-523	-293	-119	-863	500	165	-51	-965	-234	29	-261	152	-960	978	-955	572	-252	-986	304	-823	157	-51	-535	-640	72	510	-721	387	-706	96	733	325	12	-256
273	219	-148	957	-254	642	702	-632	673	111	93	-84	649	-323	268	377	589	-921	976	-907	926	-449	-469	-997	723	791	-478	-576	466	225	-366	-374	309	252	754	-257	112	-772	-962	342	777	-362	699	-770	711	-346	262	972	-798	495
254	539	-695	-716	286	-23	194	-513	488	721	197	522	-249	952	-620	500	51	924	-800	-406	-369	168	-16	819	-402	-491	-67	450	197	-635	572	-343	749	195	890	745	280	576	-281	-651	-364	72	655	-747	-196	784	-461	914	855	-310
321	-913	556	574	344	-519	-682	-981	378	-403	-518	996	-288	-611	-58	-559	595	-449	426	-975	353	287	255	-137	430	147	953	224	-129	275	62	-537	-273	643	-103	217	-703	-632	287	-192	-105	-434	418	131	165	3	61	-334	401	-598
656	806	-995	-478	-126	674	152	-999	-321	885	692	928	97	642	648	606	297	-589	654	685	-171	-979	-640	-395	-278	-504	-693	270	-901	881	439	-56	53	-311	-648	-77	-39	892	135	-367	-810	-385	-426	430	-734	-723	-762	168	907	-89
-664	845	-40	-166	-715	611	-280	111	-244	91	-517	-400	-947	-264	706	671	638	-876	441	-883	682	574	103	528	-8	205	-377	-131	-762	-442	390	709	196	846	-10	816	-171	-355	328	-337	806	-474	383	-222	596	-222	-70	-316	232	754
38	900	-366	-575	-692	681	-168	-38	-643	528	106	-475	-972	105	-446	744	-550	791	-826	914	-462	73	-589	488	-121	-889	509	-599	679	979	-304	-828	6	78	593	717	-682	185	633	-954	-525	12	-221	479	-264	-963	657	-852	-642	-790
143	320	-856	-64	-444	-51	861	941	365	-261	579	-986	763	-64	201	463	944	864	786	379	186	-505	-540	585	850	-842	-854	455	948	-682	492	-801	373	-663	-220	391	-791	-195	235	-634	638	733	-996	-999	282	-686	357	420	829	-463
157	195	886	-744	-275	-8	397	-473	-407	-197	284	-993	-44	-415	319	33	109	-58	761	-665	382	84	-653	-311	-403	-963	832	-787	178	-23	-208	161	538	-192	-412	-201	665	596	-658	681	-345	365	146	108	-190	-630	-784	-616	438	968
-71	629	-497	-766	362	-416	-228	856	548	790	-735	-705	-376	-300	-722	888	948	62	-498	-197	-61	747	-128	-63	856	-367	-259	112	-347	-874	925	747	403	230	303	-874	585	-769	-457	67	-865	-55	-935	125	-813	-631	605	-366	-768	-78
-211	-950	-586	-503	-403	214	-365	849	-795	832	307	183	-426	-198	1	-217	-234	-352	-373	892	603	-899	712	-783	-474	-635	581	-2	768	-371	-308	489	-805	828	833	884	-980	418	30	542	203	-807	755	-342	-96	955	181	-119	-891	798
-810	-799	904	571	989	71	-219	176	-253	889	338	850	-582	32	-689	916	-644	751	-80	29	117	780	-514	721	535	-505	-749	-526	-792	-867	447	-816	-558	610	-260	-811	894	326	-262	344	-162	-482	-745	453	568	17	404	-8	374	459
135	-734	-520	-330	-887	-494	-344	-409	-351	875	-678	789	-678	606	-790	-838	-659	487	-496	-118	-796	-139	777	890	-409	321	825	717	-71	455	-457	420	-994	124	645	896	943	-542	-187	-123	893	921	-104	-423	793	-544	-482	936	475	826
319	995	-828	377	-557	-781	553	-343	-802	670	-365	460	706	-389	-145	-217	-799	-851	147	954	627	-72	-983	-898	599	765	181	753	575	-215	732	-672	-626	-943	649	90	-156	508	222	-46	-513	-84	390	-734	-226	483	-65	41	555	610
775	-323	-970	843	-77	370	542	320	-479	631	-1	876	926	906	579	430	903	-126	-142	-4	909	272	128	91	-308	296	966	-958	-664	-301	876	82	-74	-246	-244	714	549	505	776	788	453	-211	322	-905	940	-649	361	-198	310	237
-231	924	-47	-556	-36	-238	-633	-665	738	-387	952	221	-928	-926	-935	141	-311	300	152	-641	994	445	709	-590	-713	35	-584	-790	-889	-946	789	312	-389	859	-516	-34	-159	417	-577	482	901	115	-35	-943	-333	-108	337	742	896	851
732	571	553	604	561	158	-49	584	-699	831	-439	-285	-776	-524	464	-641	-22	611	76	426	890	265	-272	168	549	-557	67	749	655	-148	360	-867	925	171	914	651	-719	207	-200	-392	366	-984	685	-978	-270	708	644	552	13	-660
721	-804	996	-849	-10	57	174	-989	-691	-666	-799	87	-116	945	287	-130	-478	453	-139	174	-827	-727	-124	-199	529	959	456	-669	125	-238	414	-323	810	-443	-861	129	550	-805	55	299	311	518	-824	421	-578	692	115	-686	514	-161
271	97	117	-133	478	-383	574	-402	-327	178	333	-76	85	932	579	653	325	474	-314	493	-661	448	901	-439	79	624	-208	-529	242	666	-933	-604	210	-246	922	323	-665	-653	773	-62	-164	-356	-813	787	-522	565	-188	687	337	272
-881	437	303	439	-99	-913	285	861	-801	408	-617	-741	-128	614	528	-345	-473	-933	198	-1000	-506	874	-598	119	-35	141	578	469	512	391	-585	-697	572	450	-503	-993	97	806	-11	189	175	-665	105	-443	-418	903	2	-673	535	276
-148	-954	691	807	-102	7	44	-112	538	617	-12	-264	969	-179	-930	-651	98	787	919	447	-350	996	271	871	-769	267	-177	370	-641	-107	-81	-671	109	389	383	-544	-208	-387	75	-802	-463	-70	976	-185	283	690	-624	368	517	237
-228	-525	-311	991	365	263	-506	353	980	955	297	-911	-526	286	-13	554	-577	24	-629	-406	98	-416	544	-499	-234	967	-307	193	441	63	-777	974	902	-160	696	-224	-291	-988	634	281	501	-525	-143	924	-980	201	-692	-435	848	-867
-800	-722	717	-955	751	-477	-85	-111	-770	-620	-315	304	-576	7	-15	666	608	-485	498	474	-890	674	-538	558	-181	-532	-794	191	490	118	-706	937	-371	760	-990	762	-609	740	-398	-125	698	454	91	-383	944	361	783	-358	404	-190
-679	-867	281	984	-843	174	-614	923	-733	640	-836	7	990	203	-186	-669	688	370	-58	-468	286	661	1	-834	358	959	404	-637	-129	-822	832	-940	-276	-699	600	-413	-280	348	860	915	321	-203	416	185	-567	-212	-9	-995	815	-103
887	-482	316	-911	827	857	704	-509	694	-245	-937	33	-202	841	123	712	-327	646	897	378	224	-654	847	-478	67	-629	403	13	-222	375	-553	627	421	875	897	-979	992	-706	-213	-746	-541	174	346	773	-189	33	-649	488	-239	526
858	-190	-900	-501	-66	169	-339	878	484	-149	77	92	-963	-113	350	-220	44	148	803	375	-500	723	-371	784	108	940	777	900	756	751	-347	718	87	-574	63	-849	966	259	740	892	-500	333	-827	885	853	-509	971	-848	-532	216
-99	811	326	101	872	-253	-514	-651	807	-909	-290	-595	70	436	695	469	780	-196	-99	-238	-849	540	-853	434	986	615	-864	-611	620	828	-593	-366	74	757	183	-613	-762	-900	-503	-474	-264	374	847	400	713	378	-998	189	109	913
405	756	-827	615	568	-100	-834	-760	257	629	-687	435	-855	-304	153	-312	240	-681	911	798	489	302	-488	420	-554	-855	-847	978	448	127	-874	859	-511	-774	316	304	-925	-857	-400	594	430	770	-545	-369	-447	-63	-491	395	389	958
-955	621	-717	-232	354	-695	458	-409	85	122	-660	-932	-584	-367	962	-858	460	-503	546	808	344	-453	281	432	725	-661	-677	275	-781	-35	116	76	-761	-436	940	-235	-418	-137	687	-427	-562	-770	-740	52	-653	-558	-16	-458	-835	290
-561	765	816	658	-431	761	737	668	523	-412	-100	649	-168	883	433	-307	482	533	-942	895	813	-602	404	4	759	-101	-881	-27	-385	814	257	-755	812	760	-553	267	-862	600	543	101	64	-889	-441	-563	-170	250	-672	691	786	267
453	-470	212	-148	667	842	-254	-999	-905	869	993	962	902	-941	76	-42	129	134	-312	-171	-353	-987	-892	-779	995	256	494	343	-283	-165	-594	-82	-128	-588	-836	-422	-705	-336	678	411	-674	-930	-379	661	318	-45	-868	-819	240	828
-664	-973	847	-440	859	711	196	41	683	375	570	460	-63	-936	274	-331	923	706	791	-547	-996	812	-189	58	-607	239	643	-970	-702	-734	41	554	660	-644	806	-94	-412	360	617	-706	138	575	-913	-858	-807	-482	-795	467	68	-133
32	133	-555	173	363	-879	-603	448	398	389	251	337	531	-312	-888	111	610	-683	288	392	787	465	-190	-405	971	705	-363	-477	705	-91	-1000	276	407	-609	933	-400	78	388	-557	599	583	830	957	180	303	416	-540	218	636	379
582	-972	975	-185	-399	-690	667	88	59	-674	688	161	-677	-364	-512	3	7	-887	128	704	532	64	779	-768	570	-880	535	-595	-997	-286	39	-635	309	-669	35	-142	208	322	4	-477	-788	541	481	806	839	990	-453	-600	386	-438
557	-970	394	-606	175	454	-949	31	-195	448	471	-172	-531	742	-99	-953	-482	-90	300	-812	-97	888	235	55	396	-767	-540	415	-784	563	-46	275	-421	877	-422	639	-582	461	-285	123	718	60	-235	396	-84	828	205	299	420	385
410	-410	422	392	-343	784	-912	-852	-520	-79	959	-44	-233	-691	-640	737	654	83	823	-775	691	501	-710	-355	-558	-385	-777	-548	390	-4	825	795	-995	249	-443	-595	722	-626	92	961	13	435	275	760	13	-666	-826	-454	-206	162
946	-810	171	356	-430	-141	-381	548	470	203	827	604	-545	815	319	-854	175	142	-210	-793	836	-885	-589	855	246	-258	-585	-92	150	-328	-64	573	-492	520	-769	-224	712	-681	727	520	-388	491	285	882	994	238	978	918	9	-433
218	-833	199	-709	738	-666	-278	-443	-82	543	-842	28	-920	683	-331	39	-430	-654	-8	-673	796	155	-637	135	-802	490	529	-418	441	309	212	-163	297	-461	243	457	821	737	-316	-315	-498	970	-743	-870	488	-691	743	-266	-221	-904
-191	517	-559	487	-127	-296	-732	664	-95	-125	350	-976	-713	-505	151	246	473	337	545	156	-61	-645	820	966	590	-490	-370	582	338	-844	797	836	426	-961	-499	178	814	-361	-432	-153	260	-316	537	-824	-173	-476	775	-223	-152	-9
477	-344	-357	-839	-658	210	-795	-491	-914	-357	-117	-678	-872	171	745	-877	684	798	-952	-207	178	423	802	89	293	-296	359	930	-623	307	773	-346	-735	-316	152	-401	-313	-769	411	-96	637	-420	727	-497	-358	629	-254	198	566	113
394	191	-772	802	947	83	-660	357	-821	551	-298	-252	318	547	-593	-258	724	517	-899	256	-320	295	-254	-542	-97	668	-63	-929	-249	774	902	-102	170	946	-90	630	175	-150	864	888	-816	-456	-770	-642	-286	659	-458	338	-138	117
930	-833	707	-249	-406	45	-612	-396	650	579	-95	741	-509	-256	382	-665	-335	334	-587	421	826	900	396	-177	-552	790	172	-552	-196	482	-775	406	575	391	-226	387	74	854	952	652	-372	437	-30	-20	-114	509	-921	686	-512	-9
-345	307	-906	240	-168	214	-16	698	505	-249	-15	578	-666	837	18	-155	62	-437	696	-311	-157	-997	-249	-694	277	-396	-438	-695	386	-129	301	-55	323	753	-245	-576	496	-150	425	-890	115	-97	927	-825	977	-154	-26	-685	650	-207
-450	-314	-529	-816	-774	-839	-391	-54	985	105	-979	-671	702	702	744	-946	-563	559	-36	212	-807	-885	-758	839	29	-423	-67	224	-168	-508	625	361	220	-825	502	-549	50	138	867	-691	-93	55	113	798	799	574	-677	404	487	-163
538	727	186	-808	901	478	-457	289	291	-465	268	465	-250	-1	-679	-842	-806	358	-707	-431	121	890	-90	-865	435	-25	56	-211	-623	-341	149	314	233	403	471	574	264	-183	443	339	871	447	-285	-607	-941	-649	371	649	881	217
-700	683	453	626	-160	896	297	512	381	-354	-650	-463	508	346	199	-323	-894	447	668	-849	-539	896	-749	514	-426	848	-278	-649	255	-428	445	126	-462	989	-784	549	177	254	739	-987	941	786	-268	-957	151	-24	762	794	140	563
-438	280	705	504	410	757	-949	-151	392	900	291	827	-173	-926	945	170	-686	-976	539	349	-41	-987	-16	815	864	-989	400	-431	-622	481	81	-703	914	-158	914	-877	576	995	-411	180	-52	345	632	12	-847	-819	-812	-266	-996	-795
694	-621	-37	184	-3	270	642	456	-93	123	-668	156	-455	103	920	-712	-412	-490	-321	-629	435	-840	-799	-509	-635	-772	-707	-464	-646	-898	-898	120	-697	-40	-423	-216	-178	-512	-992	-399	742	-373	-607	-443	777	-800	501	-156	-980	993
-756	-489	638	293	34	679	933	487	47	363	-941	336	390	925	800	-917	992	-999	392	-843	-675	742	135	137	24	-1	401	-16	933	389	371	-315	-828	-294	926	-552	-426	-354	413	-632	148	224	-258	781	-167	-158	-356	-424	-206	165
578	544	777	957	69	578	395	-881	-697	424	-707	329	-990	-834	-178	-265	920	-678	-66	637	139	-508	-991	-772	751	959	-669	-664	402	407	172	-731	-815	103	313	124	-802	-948	-253	544	66	-224	-369	490	800	937	910	17	844	224
-230	121	-338	163	-415	-960	-250	-332	536	-690	-403	-705	-953	-412	796	273	152	-420	-804	881	472	-132	-896	-998	-104	-717	-351	738	342	892	-532	569	448	-223	-740	-204	365	234	-86	-703	-560	-93	860	481	-514	-394	908	517	-954	47
-198	891	-263	-166	721	804	576	144	-805	-435	123	-61	-975	-490	-16	675	-250	701	-701	875	556	-352	224	1000	-221	-578	151	37	765	438	614	198	-516	553	-1	-419	735	-16	-621	274	-825	877	-37	371	783	924	-909	-562	458	-566
-277	792	977	966	-679	159	-332	747	-501	466	811	-295	670	-33	270	-214	-624	536	426	955	-515	379	-451	-868	205	-928	-816	-783	-856	-99	181	13	-520	720	57	199	-763	139	376	-296	-795	-787	651	375	483	-650	203	-603	-109	-847
-903	-591	484	-27	-901	-809	-832	907	191	961	743	711	406	723	423	606	238	465	226	25	814	166	492	-400	-196	828	443	-53	-507	122	591	-258	-323	757	59	491	-599	859	-786	531	168	68	-200	-646	1000	-942	-59	986	564	337
-874	-560	-420	-135	-869	-367	983	-826	-992	-186	403	-422	-687	-588	-586	296	195	556	773	-953	188	-951	-264	-637	-854	-93	40	600	719	107	886	-122	829	699	-715	-979	255	-815	266	995	90	-435	810	145	309	537	-894	-84	-249	-428
-810	-295	-232	618	-682	-321	-410	-742	454	1000	-967	-622	106	283	615	-33	-510	-457	-973	-942	44	-476	6	-745	-326	784	68	-231	262	671	586	1000	-121	397	881	539	824	-161	589	-663	-428	499	158	253	-412	678	-696	323	-908	-504
883	69	564	-48	518	503	914	-381	200	-172	-667	678	173	-890	-851	-609	231	121	465	401	-981	791	-434	311	687	285	-652	168	742	180	-51	-470	-537	715	-701	817	-53	327	-248	-457	-223	560	-166	744	193	558	-804	178	366	230
-215	63	-758	720	293	262	640	-161	-387	-196	549	-706	-148	-616	-850	956	292	68	261	-328	947	698	971	454	940	61	404	-24	-910	719	-18	408	-65	496	7	406	-885	910	-652	827	353	-392	-394	-869	-30	-93	-886	-709	286	-813
319	819	978	-893	-841	-81	169	-904	-965	753	516	845	-65	-983	257	-753	754	-384	-754	715	-353	627	503	743	-462	66	-137	980	-350	794	764	-343	922	-925	402	-314	-216	-176	644	824	-341	-533	912	554	916	657	-501	262	-787	-943
134	992	-104	111	585	-962	299	118	-105	-95	678	62	-250	-790	620	920	268	-450	502	-116	266	404	-795	819	106	-548	-238	-938	-985	505	765	143	-31	-16	831	292	733	355	337	-353	-236	-575	-116	247	189	248	-936	146	640	-722
145	787	433	-598	510	892	-956	537	-57	900	-157	703	-542	876	706	907	-122	-591	544	-888	222	101	-135	-80	-538	167	-582	-964	-576	-37	790	580	822	941	-756	-152	563	326	-326	666	949	-828	622	-17	229	-24	-344	-857	-634	159
377	423	-46	-401	137	-760	855	647	305	803	789	294	347	-211	-950	-248	208	952	-456	-93	911	-696	113	400	547	29	-956	-680	-827	732	152	-487	7	666	-101	-386	343	27	-813	322	845	-155	541	-940	-986	-925	479	-271	-540	903
564	856	132	102	943	-853	-385	458	12	307	986	-21	-21	-549	-661	31	-554	-998	188	639	-134	591	-374	-996	541	-200	-190	956	-409	27	-706	425	-139	633	-993	386	0	602	-499	-802	-766	-661	708	472	-388	-148	462	185	555	937
849	169	-700	-575	-188	-427	149	-285	115	-448	944	51	-195	629	736	-881	64	127	246	917	-342	-164	-189	85	462	-284	-495	614	-956	-985	-98	-314	946	20	-614	-409	-253	-737	57	67	297	-397	-200	-410	448	-701	48	725	92	-785
763	968	222	-612	-305	-7	803	-727	360	472	-335	766	292	-420	-930	490	594	-223	422	-377	-160	-974	-428	447	-784	-298	-549	-111	986	476	-888	4	897	872	303	364	206	-6	797	449	49	696	85	828	731	-711	-462	39	-526	-941
319	-264	-761	-42	557	-847	-718	765	251	-728	-674	-752	-443	-915	317	-539	-333	-711	458	-641	740	-936	-875	369	790	-204	128	869	-381	-322	605	915	-54	565	-143	75	383	-539	-117	-622	944	-722	323	-259	751	376	-564	269	872	-910
-925	-184	-53	204	882	-704	653	-629	566	915	-983	-237	675	597	-849	318	546	-855	-196	-838	-443	-652	-768	330	810	-121	499	-99	762	-966	-692	453	-228	-409	-381	-391	631	-15	302	568	-922	-477	-192	-933	-897	555	260	245	-713	735
-235	-796	541	847	-659	-650	891	-349	-201	-812	-38	566	-416	805	136	-780	628	-141	-440	-843	329	930	615	8	-279	900	-174	176	957	-523	-728	-560	-174	68	586	297	-981	548	-294	-933	-593	-108	131	37	-883	723	892	404	597	394
508	138	595	692	-724	-990	834	-732	339	-944	-946	-269	494	-903	-646	549	-448	681	-794	-242	-483	-75	941	-12	-181	-952	-258	188	433	-376	-646	37	27	-880	740	702	-406	364	495	571	968	176	968	364	-270	72	-394	211	147	786
420	353	-755	898	-103	637	210	-138	642	551	-98	-908	-226	-229	577	9	984	551	-624	-806	103	-466	481	-104	-101	-399	635	615	495	-703	485	949	819	-672	103	793	724	267	53	-649	-734	-252	208	-141	-694	-789	821	-954	-407	244
414	698	-361	-36	780	-541	-298	-159	-86	639	-640	-340	980	848	-901	339	-508	-486	-892	670	444	909	-578	815	652	468	793	844	-834	28	-221	686	373	-555	-912	-156	592	527	570	-615	-104	611	-283	786	49	-103	998	155	355	-98
231	-469	709	368	483	-234	927	395	456	-483	383	488	-630	723	-244	773	800	-119	793	-208	172	164	402	-190	-961	256	-158	-54	-538	-629	766	-532	331	-572	-880	-984	-246	746	-95	-211	-373	-752	-120	-960	248	-115	-661	514	824	-974
799	-904	526	-697	-55	849	-425	181	43	-862	-777	-50	-771	844	846	702	-742	-54	242	-366	-297	686	218	496	2	153	-884	239	-259	-573	772	-743	401	805	456	-616	899	976	860	17	716	-603	-564	-577	887	-880	601	-820	532	777
-21	914	404	895	275	956	280	-293	638	-820	456	-599	-98	-911	718	567	-472	167	-621	246	269	352	528	-709	400	-705	-905	848	-516	511	-123	770	-277	948	-364	437	-999	-732	411	-581	-726	-856	683	-204	-114	-622	398	-766	553	-734
-99	-810	-245	389	354	-415	245	-784	-698	857	575	-859	-774	-327	632	-158	621	-668	-527	-212	848	209	-899	888	-748	-207	763	-401	-916	138	-578	-811	567	-737	-812	732	874	-535	-781	518	-323	580	-748	-310	213	812	867	83	523	951
444	-785	-97	-1	-897	949	904	-490	862	861	-914	-759	-337	-28	335	647	881	739	43	-156	-217	865	689	458	-227	914	477	-679	835	486	271	431	-552	-847	208	87	131	-840	-996	639	-143	465	700	-342	-117	-573	451	-550	-983	-278
-607	-864	-525	738	363	778	-484	-689	-755	95	-309	130	-870	234	657	860	-390	-457	-87	244	90	830	-621	911	835	-996	138	229	870	215	369	151	-857	783	366	-528	-936	-209	812	-530	-412	-231	-980	-591	-472	-406	309	110	-52	572
-398	297	-314	76	-886	-571	-965	132	-824	565	-355	-730	-833	-508	973	235	821	924	337	467	662	-466	270	-311	3	780	-263	36	-207	990	659	-876	628	-514	-979	997	646	836	-414	724	-694	140	-812	-925	115	521	67	-575	515	-860
885	-905	162	-235	-528	220	-312	-281	-526	-896	89	525	663	-974	647	738	-351	739	-657	393	-985	-558	495	852	-290	-177	-841	454	-445	202	487	449	-570	453	717	-923	595	426	-944	376	-935	976	-561	738	127	-753	396	351	903	415
865	90	198	588	836	-370	-650	-766	601	-389	-302	-97	277	299	-934	-643	-221	-377	295	757	-517	54	230	-279	-187	-12	997	-792	-93	-670	969	705	106	-622	275	-774	65	-140	260	886	-36	779	-560	-21	-139	-920	359	130	-443	-636
22	-386	-704	-592	-435	-982	-38	677	-823	587	-450	412	-395	-2	621	969	50	-486	81	268	272	451	871	-608	172	261	-261	985	53	127	688	-13	-385	228	661	-970	422	420	732	-79	654	-762	442	472	-776	-446	686	59	-163	508
688	-899	-55	-871	-661	-413	495	-690	443	866	-263	881	-439	902	199	25	-736	-54	741	-547	-471	-960	-419	-693	-521	186	282	0	-192	631	-270	-285	-914	93	-273	-489	465	-267	-114	148	537	-265	-822	-374	821	301	717	305	-55	-277
-34	512	657	-504	928	-171	-556	893	-458	-153	130	-927	630	860	-753	892	-885	576	-373	118	-31	-963	196	249	708	12	-167	331	348	-305	182	72	-591	-749	-415	-142	-492	31	181	937	954	150	-82	422	353	187	-229	-114	-27	-563
-432	-44	-563	277	-833	932	901	-125	330	-720	178	-791	333	6	910	308	802	-667	898	374	895	291	-3	-146	-256	-489	571	-402	860	719	821	942	-414	157	421	642	16	732	696	-785	24	970	518	-568	-367	575	-624	-298	-174	32
-956	821	-558	-291	-380	235	-971	133	-16	-388	325	-859	-312	-193	172	771	-721	-2	-648	214	548	92	793	-810	-491	706	-991	336	19	-477	743	-798	-684	998	-957	345	215	566	-850	829	517	-291	925	345	-536	-541	-224	-659	54	325
422	57	-196	-420	-677	-202	714	-941	61	-461	-526	-22	54	169	-820	234	777	150	781	-803	392	22	208	-209	742	670	870	77	-965	-858	-291	-485	748	641	-260	142	-451	198	736	62	-532	103	740	-768	-630	991	463	-180	-948	68
761	891	508	-629	217	-263	-604	743	832	559	311	-426	756	500	690	-558	217	-552	11	470	-881	-448	630	-29	-729	934	365	-736	-321	315	380	589	729	361	921	-753	581	-697	-413	-673	-60	126	-864	259	643	-628	-371	804	-63	33
67	-183	-456	-406	-901	54	438	-893	701	-146	-130	-47	682	324	-729	648	809	-782	-899	-373	-410	67	-797	232	327	194	-782	153	624	36	-913	299	432	42	-332	683	-414	-631	119	921	82	-427	189	740	219	8	-459	-157	-653	-346
553	937	-80	-984	854	72	-880	69	861	-555	991	938	-107	-857	-573	-169	419	369	-160	932	-980	-337	-994	309	59	225	322	-227	-123	-999	677	-47	320	364	904	75	-315	663	864	141	-863	868	530	-182	84	-870	-88	-197	363	-116
-106	44	666	790	-151	-347	-865	-657	-491	-791	347	-608	383	154	171	-109	382	-946	247	945	-452	763	-819	-829	-597	-294	-938	-630	-561	-333	20	-700	-349	301	-169	560	149	72	870	90	-6	786	166	-552	-75	850	166	938	222	-580
33	685	-105	-815	-532	976	436	-679	-96	-45	-110	-590	-480	-977	98	-958	-264	-766	-374	-683	-869	514	654	-965	-574	221	19	57	57	-879	-369	-371	527	368	-610	704	724	653	-731	-318	-887	125	375	-79	853	-184	-977	-593	-226	-509
799	-402	-85	857	126	-844	-480	-857	54	955	-64	-573	-324	433	588	406	854	-89	-640	227	264	-644	-603	980	-217	79	-901	-732	-586	-773	845	-506	172	312	300	-627	406	918	-615	834	-630	-826	-321	405	530	398	-524	765	-6	-508
679	44	982	-8	407	337	924	-693	915	-784	523	-444	-896	161	671	-748	235	875	486	-500	-543	-373	-639	-972	-380	373	807	972	796	112	-281	-900	-281	428	-149	-489	-133	297	810	-18	-220	500	83	-389	174	421	893	-713	659	358
535	-936	686	646	-994	-897	576	-894	-756	938	14	-753	24	812	920	-367	-15	394	263	-878	947	-851	970	-297	-581	758	-556	-25	33	-964	-559	478	-382	-560	723	-196	863	-687	-741	913	859	378	-359	-332	1	664	-497	-926	624	271
-858	-156	-35	825	43	-27	-548	-743	587	-84	666	227	-829	-92	955	-182	631	808	387	680	612	902	514	-293	-114	389	-667	-10	122	925	782	265	759	-456	-387	-501	-446	-608	-524	-83	692	383	-718	-973	240	739	405	741	663	-405
247	29	-702	235	730	-472	-418	987	-724	477	381	-321	701	-288	292	-887	-625	-262	140	-626	-455	-548	908	-231	-285	-189	-450	569	-876	615	-878	-902	574	-364	966	-340	-724	262	282	713	-613	176	-829	1	-745	425	250	-500	-242	-449
-256	-411	-699	967	-841	930	-409	382	-233	794	327	-995	290	-93	-104	509	-659	753	368	589	-163	-409	299	566	-666	-380	695	-920	272	344	-87	970	-685	235	-29	-527	64	928	802	-435	231	146	-819	652	-714	224	616	482	-165	783
943	-138	685	587	-972	-133	-626	485	570	51	-766	1000	-615	-809	-607	159	-391	125	433	516	-336	689	-791	-167	-299	-498	-214	290	790	-832	-124	358	206	-640	315	-782	995	-908	229	-211	367	-164	993	-612	-438	-234	461	-248	761	-120
-108	922	-25	-509	-7	247	858	-696	-782	209	-535	666	-677	-894	-112	-489	-127	655	909	220	842	715	16	-772	97	-827	-521	-638	911	-942	-175	795	-551	-1000	422	111	703	-117	-948	539	-605	86	-237	-981	-494	-583	887	962	-502	-111
-288	-539	-528	-765	355	684	13	-314	-202	-459	-364	-326	251	-959	830	582	699	598	82	-204	-231	-132	786	122	-204	492	19	810	472	57	578	725	188	-967	982	763	753	-532	-477	-561	36	76	138	332	326	108	-731	-884	-754	789
-158	-601	-827	-259	378	-498	106	-851	-655	163	-420	-78	-801	774	-566	770	432	766	-535	-9	250	200	-575	-326	16	-58	-703	785	-684	480	473	541	729	-738	-203	-639	-269	166	490	-590	97	653	-486	193	-110	-485	-459	-530	494	814
835	-53	-543	-24	150	70	572	18	-556	-673	15	694	997	-108	-409	76	337	-307	-921	-642	834	-973	-844	511	294	-124	816	792	698	236	-355	-39	91	722	942	130	780	-664	-382	-220	661	503	93	346	-925	-715	-994	-502	556	-261
436	183	-252	670	540	802	204	-698	336	-566	-422	-3	919	-948	301	-360	630	312	598	-530	-919	59	-337	224	-469	6	963	290	-620	-551	282	-151	687	-51	311	-586	796	-181	818	859	114	614	915	-248	-519	199	171	827	-677	-586
469	-188	-460	-549	387	-395	644	-729	-431	944	-438	-516	396	-847	-376	125	750	16	522	468	29	-489	-369	-717	-611	-935	-741	-697	45	657	-774	631	-297	-354	400	-828	-642	-641	233	-151	235	-495	-719	-812	687	722	-490	-346	-498	-52
-367	687	-619	-733	841	585	355	-418	-4	18	336	197	-666	554	-894	727	358	418	668	-309	882	337	505	25	197	821	-737	-332	-750	855	-988	453	583	-469	66	-74	971	341	-366	889	-809	988	516	-219	-188	72	-312	790	8	157
-900	285	382	-336	564	757	-309	755	-935	438	-7	-810	791	-239	565	169	351	276	-111	-625	-150	-373	-590	755	-245	306	470	625	824	411	982	-845	-180	230	-116	-100	-292	-777	524	536	-881	607	-941	574	457	717	-952	698	902	716
-510	206	-127	-658	510	-741	-973	166	309	535	-333	-463	420	-860	-329	-838	-577	-406	-219	-611	419	621	500	-870	-730	-617	-80	642	817	-863	-674	163	160	-894	309	-602	38	10	-653	159	591	705	-658	50	-349	-392	755	-724	706	-379
531	-841	736	-269	745	-543	-830	-595	-619	638	124	884	980	976	17	258	199	-88	686	-846	147	-373	-83	632	812	39	-311	139	847	839	842	-538	973	-923	227	738	-906	834	170	211	-652	-405	140	482	-818	804	21	-673	545	73
-708	115	-182	-31	311	903	-601	-481	598	676	737	401	-689	62	623	-175	-908	-236	26	-960	-762	-219	819	884	-251	-414	663	-460	-259	88	-445	12	-151	-210	-179	620	-226	773	-430	-351	-952	-542	-554	562	693	180	-720	709	-886	141
631	-801	-991	-927	704	-771	487	-926	-426	-792	-6	-557	412	-10	939	989	-159	-140	54	-773	-864	24	613	-781	721	-376	-350	575	-9	318	-492	-486	-492	811	-40	-957	516	-902	109	970	-216	-583	405	-819	-63	269	-267	85	489	939
-591	-692	-857	558	-27	71	-85	-49	538	-721	425	750	447	-459	985	265	929	556	-37	-179	-259	123	-281	852	-727	-14	822	-556	-954	987	517	301	-769	-743	894	-169	414	741	237	-337	773	-986	-80	138	-920	983	-689	472	-39	496
388	28	832	808	-371	351	-748	535	741	-248	-659	87	-707	-460	-87	-14	-36	299	925	-770	513	634	-324	-839	-16	366	-113	-718	206	-582	-686	-769	970	195	797	405	44	673	516	-996	-775	-855	806	624	-788	-231	764	-300	-759	-333
-424	-888	-317	99	-159	757	-111	155	878	710	198	-857	413	-678	907	-661	834	-548	-922	-220	973	-757	753	48	195	-413	-878	-439	457	351	83	-395	-66	-630	550	595	-496	-946	286	490	-383	-125	882	986	794	634	-57	-752	-486	-129
-982	-979	-871	182	853	-800	-366	-930	504	173	788	-423	-517	844	863	298	-840	706	659	616	-156	-958	166	-69	893	-671	655	-923	-791	928	964	-671	152	498	-632	592	658	364	552	-725	607	623	266	669	-115	720	996	-8	-70	-819
273	170	657	787	-597	-125	645	525	846	767	36	440	-460	794	74	-635	234	-836	944	953	612	-925	-527	-450	-99	675	-991	840	-639	-469	-754	457	687	508	375	701	-630	-368	12	640	-507	-320	878	-63	513	974	863	-292	-676	-770
-403	311	23	-288	31	311	-494	789	486	-993	667	-396	-439	-763	257	-502	422	-491	-514	956	-251	-447	983	643	472	135	-321	-134	463	-229	-445	102	448	671	345	851	499	-290	-435	282	-48	-76	593	157	938	877	6	669	137	-478
-392	-664	24	33	-181	-977	436	866	926	23	-86	316	-463	-88	-928	-210	627	393	245	290	319	825	-121	798	953	-578	977	268	207	-536	-697	-57	-217	-355	-170	-584	148	-755	-44	-933	-293	455	333	-673	-812	-890	989	628	712	-903
739	-345	31	326	298	-784	432	680	768	-352	-330	-358	-795	-951	-408	316	231	69	428	-477	431	-964	-28	875	-800	-620	-261	-475	-287	-478	-725	302	820	911	-746	113	688	-74	885	-431	532	747	-528	878	275	-917	-78	-392	-122	-624
192	-690	-151	1000	456	263	977	-166	-18	796	570	-279	-24	926	-513	605	756	980	117	-879	1000	332	-816	-773	727	902	-962	-40	-906	783	371	-917	37	133	-879	715	-152	256	-785	-134	928	-555	-384	-634	787	-413	526	976	-36	279
-41	921	-659	173	-864	-311	-703	-540	-218	-431	161	425	916	572	48	31	642	-436	732	133	521	958	-821	-525	167	26	-168	140	-995	30	-33	578	360	412	295	-643	548	-754	-238	-358	157	160	-26	-95	-635	978	-52	-802	-851	196
563	-738	227	478	643	-790	488	563	423	807	-3	217	-536	313	141	-616	297	-260	995	28	838	-228	-643	360	748	-375	-9	61	558	-467	261	-434	355	-138	99	925	-137	896	-796	548	-991	993	117	-501	468	813	-300	-308	792	-651
337	-710	224	-671	-733	728	-332	-860	149	67	-379	792	-579	550	926	397	751	664	-432	714	517	-191	21	926	-654	706	480	-632	-941	-633	954	-998	489	-21	-327	-379	899	583	690	-369	-56	-904	-840	-215	93	81	289	573	507	769
-337	-226	-511	669	885	-714	467	990	124	585	-789	980	613	876	826	834	191	-787	-56	203	-579	547	-258	810	-76	627	561	-126	582	549	-440	-688	343	-184	553	330	439	-20	419	-407	738	348	547	-761	322	135	-549	601	-824	850
-634	-815	286	798	-968	-222	-99	-785	904	-529	486	353	-201	-118	-29	-943	-108	-291	678	669	452	-786	-692	679	-133	-41	-825	163	600	591	-583	-716	-213	248	-666	681	286	398	-532	-700	846	-740	373	-942	-766	989	785	139	-881	512
933	469	-982	-27	67	-609	614	524	833	-68	-981	-967	-747	77	859	-701	-315	867	548	326	899	48	-903	203	830	-171	287	258	-637	653	-948	-59	192	-601	-121	752	-268	164	982	-569	993	-298	-983	716	-996	781	665	828	-678	838
-165	-362	-172	-892	-31	-727	989	-776	-431	-586	-806	570	-825	987	-813	-704	63	911	18	-740	-747	-1000	-753	-694	-81	154	225	-989	784	982	-813	833	463	-361	7	-699	-41	525	-224	-469	-957	827	-359	-7	138	-517	243	399	-869	-156
130	639	503	998	384	870	73	811	-893	886	-86	-368	-573	538	158	923	-789	494	-685	819	896	460	-475	-131	-848	-231	614	697	-953	-368	986	-825	762	-692	800	-468	597	-735	172	131	249	815	294	946	-995	-560	-986	-54	-100	-168
582	990	333	93	-974	127	-282	-37	746	-683	-851	404	515	486	-685	-166	-665	220	775	253	746	243	587	632	348	-581	726	865	-281	-982	-168	815	47	-734	56	138	605	-774	458	203	371	-750	551	395	213	161	-810	-794	-440	208
-677	-473	-988	999	677	263	-921	56	-233	234	356	-453	-489	-177	192	-916	780	-135	-453	124	-345	-836	-338	-97	-526	333	-942	444	34	-8	-135	-100	-748	252	530	586	54	-817	84	872	-914	-271	137	-178	317	837	823	-5	982	230
-539	-888	-776	-70	181	868	867	-721	-473	-937	290	-987	877	-908	624	-275	733	-914	-405	313	-502	-827	-191	-942	-352	-829	-347	554	91	406	-877	-900	-325	494	-986	163	585	-663	860	124	247	-815	712	273	-846	-911	838	585	867	-858
396	-222	-242	155	485	25	433	-991	-860	697	-646	953	515	722	786	769	-37	-737	-478	344	425	-799	-831	-553	237	-952	-154	943	-998	843	41	-330	914	375	353	234	-153	207	-946	759	-919	12	229	-811	-277	-790	210	-310	730	988
-146	218	847	482	-860	475	472	209	475	644	720	113	398	229	-282	733	990	85	-273	-293	991	83	493	-761	-120	-687	833	839	628	-185	-215	44	612	-608	-466	12	-6	197	-697	43	371	317	360	998	-896	-817	72	354	-783	-792
570	-235	-331	769	-327	-236	873	-908	-632	-161	-272	-266	383	195	611	-762	-134	-854	-429	339	-449	-141	981	-377	-413	164	683	-612	281	-209	-9	-847	920	473	37	37	-64	439	67	-698	-485	-174	-160	-978	-38	228	-798	-49	525	-697
769	-748	881	-58	-210	999	861	-26	236	587	-552	799	88	-281	-745	875	-54	-995	-418	-263	-642	990	360	-672	-793	297	162	753	985	-261	-775	-428	-457	-579	98	817	453	261	-161	396	-799	378	303	973	-279	933	-897	-49	-377	123
-589	-64	426	145	-344	-708	116	542	713	-577	690	378	810	-841	925	-274	783	608	-967	-636	-410	448	-157	-733	-754	976	-601	-20	999	-145	627	-9	4	-609	-896	-795	640	-292	376	-540	-624	618	-674	-544	635	-315	382	-582	283	860
-520	233	563	154	632	431	-627	736	-202	-392	719	913	-60	-18	967	273	313	174	-268	-115	-764	-480	786	-842	-273	955	-190	-171	-354	207	698	655	191	462	-985	651	280	-216	-602	386	868	535	911	913	-351	-24	531	-884	-341	-648
617	-632	-853	-411	-996	958	-826	114	625	954	363	996	-619	-373	-233	806	28	-397	-300	-290	-247	811	479	-597	-362	-36	469	-966	-134	943	-614	195	580	-630	365	346	498	894	-178	66	920	-158	-420	814	418	462	-174	-966	-231	798
407	392	-119	234	-425	-1	637	592	162	614	-101	-176	481	994	-979	544	823	-996	-209	109	-35	186	-768	999	149	-974	518	-564	-462	-678	303	-185	-448	-259	473	-52	-269	-672	-170	-183	193	357	-168	488	212	-161	-110	-647	-655	-523
-944	-568	396	-359	-54	-985	-59	387	-94	573	-127	937	273	666	862	726	510	592	835	976	-316	-528	-157	-646	801	-694	-6	604	-945	68	615	-226	907	916	310	965	381	595	429	-248	-755	-590	-520	-685	425	932	-305	138	84	-754
-709	764	775	914	-440	29	-557	458	-440	-937	495	-190	519	936	-153	892	-799	545	48	545	27	495	-62	-33	-855	736	-783	-133	976	-626	-351	-854	-560	-61	9	155	-75	381	118	-677	106	19	683	-175	652	493	996	-814	627	995
-260	-169	82	-450	-470	-296	-469	-655	-3	496	682	411	-79	-724	781	531	-809	544	-636	759	-492	-534	435	862	-99	-135	-519	-89	449	-317	-450	-518	-704	715	552	-817	704	743	-535	542	-500	986	907	-898	643	-629	-614	-280	954	-47
595	-253	916	-876	-143	127	371	-339	808	-970	218	-73	459	-980	-858	-470	549	850	181	497	90	-556	-274	-313	693	-455	783	-61	183	55	-903	-956	225	-605	820	-353	969	971	249	-963	-202	441	223	327	-517	-863	251	955	927	472
757	151	533	288	-830	442	680	-436	-681	-872	-78	140	301	498	-475	-341	429	-573	-320	611	791	888	-227	-457	97	962	-312	80	-786	291	711	-76	670	128	780	-564	871	914	-176	67	-884	-810	-197	678	445	-718	-623	-557	977	-172
-893	732	410	-74	-637	-390	-139	506	-420	652	-167	-84	247	659	-13	-146	792	89	214	-706	397	763	880	-38	313	-599	-51	644	213	460	658	847	508	-866	564	-79	238	-218	-794	430	-726	836	-251	-279	20	699	-391	-822	671	-146
-521	684	-535	-476	-384	393	-555	-621	698	-757	824	-607	868	-113	109	-862	608	-547	-916	504	104	686	101	-933	-896	-546	-875	533	-214	-399	-78	974	839	-896	593	862	320	517	-181	655	7	585	743	367	380	-764	257	-497	-739	715
-71	-535	347	-62	978	-156	-848	405	556	693	765	841	161	92	296	30	-74	-737	135	-269	-928	-939	301	-897	530	-601	142	520	459	131	-411	595	251	443	527	-743	461	490	-626	-35	-970	-826	457	500	304	830	484	231	-197	-504
972	-100	-166	-460	412	-800	-543	728	295	2	403	414	-984	-186	460	562	-884	922	-524	933	-176	-478	-65	535	-572	585	237	824	-714	552	-723	-568	737	-416	-438	950	-212	638	-58	310	-821	-228	910	751	472	640	-526	995	-835	696
907	484	850	646	-347	-5	-1000	-53	-818	539	-337	929	556	-28	918	-490	756	-876	829	-708	569	230	33	-506	-522	788	-903	-840	284	171	-942	599	-480	716	-23	-737	-956	594	391	-926	326	-964	187	-913	-753	928	-224	-953	-228	398
439	796	721	-385	957	-492	187	789	995	-796	496	-182	-976	213	411	970	-924	-701	-295	-314	-498	-725	517	409	-919	670	572	-470	750	49	119	840	-790	218	839	-697	238	688	-770	-80	104	-120	952	317	-755	844	56	477	-21	1
883	581	731	174	110	-194	-968	-899	806	-881	-655	108	964	882	-269	660	573	-196	149	-90	888	-401	-656	688	105	-820	448	-497	595	103	-567	-397	383	-63	219	-990	328	912	647	-743	40	141	-755	406	-409	-467	-746	-444	479	-486
-151	-462	-340	968	400	859	-291	476	-455	710	-695	18	-532	-897	-686	234	-829	-81	-128	970	172	-167	104	-912	947	243	646	990	10	159	385	281	426	606	255	-860	-771	995	-344	-607	560	-670	-266	718	76	747	105	-833	268	518
162	-74	-394	940	-498	-778	-377	994	204	492	813	12	-331	-312	921	-264	-849	-662	-118	-577	463	876	383	-336	129	225	967	-582	716	719	-862	-308	-791	-662	54	894	766	912	819	63	-49	-477	-54	746	-948	-815	82	-211	948	-56
-13	-213	535	458	-374	-459	-740	554	-291	926	678	-226	-882	597	688	558	365	734	296	975	185	-174	-617	-261	239	942	-693	28	696	784	712	631	-525	743	395	713	-826	766	150	-236	-767	-783	290	621	-570	-136	417	699	-697	985